pick:
  position:
    x: 0.43570784287910369
    y: -0.016737223690794643
    z: 0.24721541985590001
  orientation:
    x: -0.91301633279021988
    z: 0.0024118010006996364
    y: 0.40791434475201571
    w: 0.0011165212784453996
    
place:
  position:
    x: 0.71535353673598778
    y: -0.0034620518528274587
    z: 0.29555870519436123
  orientation:
    x: -0.93848850346365875
    y: 0.34452085551873735
    z: -0.0085614368482424107
    w: 0.021711996183514347